SPEAKER         id       #SENT      #WORD       Corr        Sub        Ins        Del        Err      S.Err
PN00F02         raw         80        559        559          0          0          0          0          0
PN00F02         sys         80        559     100.00       0.00       0.00       0.00       0.00       0.00
PN00F04         raw         80        559        559          0          0          0          0          0
PN00F04         sys         80        559     100.00       0.00       0.00       0.00       0.00       0.00
PN00M01         raw         80        559        559          0          0          0          0          0
PN00M01         sys         80        559     100.00       0.00       0.00       0.00       0.00       0.00
PN00M03         raw         80        559        559          0          0          0          0          0
PN00M03         sys         80        559     100.00       0.00       0.00       0.00       0.00       0.00
SUM             raw        320       2236       2236          0          0          0          0          0
SUM             sys        320       2236     100.00       0.00       0.00       0.00       0.00       0.00
