SPEAKER         id       #SENT      #WORD       Corr        Sub        Ins        Del        Err      S.Err
PN00F02         raw         80        559        557          2          1          0          3          2
PN00F02         sys         80        559      99.64       0.36       0.18       0.00       0.54       2.50
PN00F04         raw         80        559        559          0          1          0          1          1
PN00F04         sys         80        559     100.00       0.00       0.18       0.00       0.18       1.25
PN00M01         raw         80        559        559          0          1          0          1          1
PN00M01         sys         80        559     100.00       0.00       0.18       0.00       0.18       1.25
PN00M03         raw         80        559        559          0          0          0          0          0
PN00M03         sys         80        559     100.00       0.00       0.00       0.00       0.00       0.00
SUM             raw        320       2236       2234          2          3          0          5          4
SUM             sys        320       2236      99.91       0.09       0.13       0.00       0.22       1.25
