SPEAKER         id       #SENT      #WORD       Corr        Sub        Ins        Del        Err      S.Err
PN00F02         raw         80        559        558          1          2          0          3          3
PN00F02         sys         80        559      99.82       0.18       0.36       0.00       0.54       3.75
PN00F04         raw         80        559        558          1          1          0          2          2
PN00F04         sys         80        559      99.82       0.18       0.18       0.00       0.36       2.50
PN00M01         raw         80        559        558          1          1          0          2          2
PN00M01         sys         80        559      99.82       0.18       0.18       0.00       0.36       2.50
PN00M03         raw         80        559        558          1          3          0          4          4
PN00M03         sys         80        559      99.82       0.18       0.54       0.00       0.72       5.00
SUM             raw        320       2236       2232          4          7          0         11         11
SUM             sys        320       2236      99.82       0.18       0.31       0.00       0.49       3.44
