ContextDependency 3 1 ToPdf SE 1 [ 1 2 3 4 5 6 7 8 9 10 11 12 13 14 15 16 17 18 19 20 21 22 23 24 25 26 27 28 29 30 31 32 33 34 35 36 37 ]
{ SE 1 [ 1 2 3 4 5 6 7 8 9 10 11 12 13 14 15 16 17 ]
{ SE 1 [ 1 2 3 4 5 6 7 8 9 ]
{ SE 1 [ 1 2 3 4 5 ]
{ SE -1 [ 0 1 ]
{ SE -1 [ 0 ]
{ CE 0 CE 20 } 
CE 19 } 
SE -1 [ 0 1 ]
{ SE 0 [ 1 ]
{ SE -1 [ 0 ]
{ SE 2 [ 6 7 8 9 10 11 12 13 14 15 16 17 50 51 52 53 62 63 64 65 70 71 72 73 ]
{ CE 1 CE 269 } 
SE 2 [ 6 7 8 9 10 11 12 13 14 15 16 17 50 51 52 53 62 63 64 65 70 71 72 73 ]
{ CE 43 CE 179 } 
} 
SE -1 [ 0 ]
{ SE 0 [ 34 35 36 37 ]
{ SE 2 [ 6 7 8 9 10 11 12 13 14 15 16 17 50 51 52 53 62 63 64 65 70 71 72 73 ]
{ CE 39 CE 559 } 
SE 0 [ 18 19 20 21 22 23 24 25 ]
{ SE 2 [ 6 7 8 9 10 11 12 13 14 15 16 17 50 51 52 53 62 63 64 65 70 71 72 73 ]
{ CE 154 CE 548 } 
SE 0 [ 6 7 8 9 10 11 12 13 14 15 16 17 18 19 20 21 22 23 24 25 26 27 28 29 30 31 32 33 34 35 36 37 38 39 40 41 42 43 44 45 46 47 48 49 50 51 52 53 54 55 56 57 58 59 60 61 62 63 64 65 66 67 68 69 70 71 72 73 74 75 76 77 ]
{ SE 0 [ 26 27 28 29 74 75 76 77 ]
{ SE 0 [ 26 27 28 29 ]
{ SE 2 [ 6 7 8 9 10 11 12 13 14 15 16 17 50 51 52 53 62 63 64 65 70 71 72 73 ]
{ CE 155 CE 376 } 
SE 2 [ 6 7 8 9 10 11 12 13 14 15 16 17 50 51 52 53 62 63 64 65 70 71 72 73 ]
{ CE 348 CE 464 } 
} 
SE 0 [ 70 71 72 73 ]
{ SE 2 [ 6 7 8 9 10 11 12 13 14 15 16 17 50 51 52 53 62 63 64 65 70 71 72 73 ]
{ CE 185 CE 350 } 
SE 0 [ 26 27 28 29 30 31 32 33 42 43 44 45 46 47 48 49 74 75 76 77 ]
{ SE 2 [ 6 7 8 9 10 11 12 13 14 15 16 17 50 51 52 53 62 63 64 65 70 71 72 73 ]
{ CE 219 CE 490 } 
SE 0 [ 6 7 8 9 10 11 12 13 14 15 16 17 50 51 52 53 62 63 64 65 70 71 72 73 ]
{ SE 2 [ 6 7 8 9 10 11 12 13 14 15 16 17 50 51 52 53 62 63 64 65 70 71 72 73 ]
{ CE 220 CE 449 } 
SE 2 [ 6 7 8 9 10 11 12 13 14 15 16 17 50 51 52 53 62 63 64 65 70 71 72 73 ]
{ CE 392 CE 516 } 
} 
} 
} 
} 
CE 165 } 
} 
} 
SE 0 [ 18 19 20 21 22 23 24 25 ]
{ SE 2 [ 6 7 8 9 10 11 12 13 14 15 16 17 50 51 52 53 62 63 64 65 70 71 72 73 ]
{ CE 106 CE 339 } 
SE 0 [ 6 7 8 9 10 11 12 13 14 15 16 17 18 19 20 21 22 23 24 25 26 27 28 29 30 31 32 33 34 35 36 37 38 39 40 41 42 43 44 45 46 47 48 49 50 51 52 53 54 55 56 57 58 59 60 61 62 63 64 65 66 67 68 69 70 71 72 73 74 75 76 77 ]
{ SE 0 [ 70 71 72 73 ]
{ SE 2 [ 6 7 8 9 10 11 12 13 14 15 16 17 50 51 52 53 62 63 64 65 70 71 72 73 ]
{ CE 152 CE 286 } 
SE 0 [ 26 27 28 29 74 75 76 77 ]
{ SE 0 [ 26 27 28 29 ]
{ SE 2 [ 6 7 8 9 10 11 12 13 14 15 16 17 50 51 52 53 62 63 64 65 70 71 72 73 ]
{ CE 167 CE 469 } 
SE 2 [ 6 7 8 9 10 11 12 13 14 15 16 17 50 51 52 53 62 63 64 65 70 71 72 73 ]
{ CE 235 CE 446 } 
} 
SE 0 [ 34 35 36 37 ]
{ SE 2 [ 6 7 8 9 10 11 12 13 14 15 16 17 50 51 52 53 62 63 64 65 70 71 72 73 ]
{ CE 170 CE 468 } 
SE 0 [ 38 39 40 41 ]
{ SE 2 [ 6 7 8 9 10 11 12 13 14 15 16 17 50 51 52 53 62 63 64 65 70 71 72 73 ]
{ CE 190 CE 421 } 
SE 2 [ 6 7 8 9 10 11 12 13 14 15 16 17 50 51 52 53 62 63 64 65 70 71 72 73 ]
{ SE 0 [ 6 7 8 9 10 11 12 13 14 15 16 17 50 51 52 53 62 63 64 65 70 71 72 73 ]
{ CE 257 CE 310 } 
SE 0 [ 6 7 8 9 10 11 12 13 14 15 16 17 50 51 52 53 62 63 64 65 70 71 72 73 ]
{ CE 309 CE 360 } 
} 
} 
} 
} 
} 
CE 163 } 
} 
} 
} 
SE 0 [ 1 ]
{ SE 2 [ 6 7 8 9 10 11 12 13 14 15 16 17 50 51 52 53 62 63 64 65 70 71 72 73 ]
{ CE 34 CE 87 } 
SE 2 [ 6 7 8 9 10 11 12 13 14 15 16 17 50 51 52 53 62 63 64 65 70 71 72 73 ]
{ SE 0 [ 6 7 8 9 10 11 12 13 14 15 16 17 18 19 20 21 22 23 24 25 26 27 28 29 30 31 32 33 34 35 36 37 38 39 40 41 42 43 44 45 46 47 48 49 50 51 52 53 54 55 56 57 58 59 60 61 62 63 64 65 66 67 68 69 70 71 72 73 74 75 76 77 ]
{ SE 0 [ 18 19 20 21 22 23 24 25 ]
{ CE 74 SE 0 [ 70 71 72 73 ]
{ CE 221 SE 0 [ 26 27 28 29 ]
{ CE 244 SE 0 [ 30 31 32 33 42 43 44 45 46 47 48 49 ]
{ CE 245 SE 0 [ 34 35 36 37 ]
{ CE 293 SE 0 [ 6 7 8 9 10 11 12 13 14 15 16 17 50 51 52 53 62 63 64 65 70 71 72 73 ]
{ CE 294 SE 0 [ 26 27 28 29 30 31 32 33 42 43 44 45 46 47 48 49 74 75 76 77 ]
{ CE 423 CE 465 } 
} 
} 
} 
} 
} 
} 
CE 148 } 
SE 0 [ 34 35 36 37 ]
{ CE 122 SE 0 [ 70 71 72 73 ]
{ CE 192 SE 0 [ 30 31 32 33 42 43 44 45 46 47 48 49 ]
{ CE 213 SE 0 [ 26 27 28 29 ]
{ CE 230 SE 0 [ 6 7 8 9 10 11 12 13 14 15 16 17 50 51 52 53 62 63 64 65 70 71 72 73 ]
{ CE 331 SE 0 [ 38 39 40 41 ]
{ CE 401 SE 0 [ 18 19 20 21 22 23 24 25 ]
{ CE 459 CE 512 } 
} 
} 
} 
} 
} 
} 
} 
} 
} 
} 
SE 1 [ 10 11 12 13 ]
{ SE -1 [ 0 1 ]
{ SE 0 [ 6 7 8 9 ]
{ SE -1 [ 0 ]
{ CE 2 CE 81 } 
SE -1 [ 0 ]
{ SE 0 [ 1 ]
{ CE 42 SE 0 [ 30 31 32 33 42 43 44 45 46 47 48 49 ]
{ CE 93 SE 0 [ 34 35 36 37 ]
{ CE 317 SE 0 [ 18 19 20 21 22 23 24 25 ]
{ CE 318 SE 0 [ 26 27 28 29 ]
{ CE 363 SE 0 [ 6 7 8 9 10 11 12 13 14 15 16 17 50 51 52 53 62 63 64 65 70 71 72 73 ]
{ CE 409 SE 0 [ 26 27 28 29 30 31 32 33 42 43 44 45 46 47 48 49 74 75 76 77 ]
{ CE 452 CE 514 } 
} 
} 
} 
} 
} 
} 
SE 0 [ 1 ]
{ CE 82 SE 0 [ 34 35 36 37 ]
{ CE 114 SE 0 [ 30 31 32 33 42 43 44 45 46 47 48 49 ]
{ CE 303 SE 0 [ 6 7 8 9 10 11 12 13 14 15 16 17 50 51 52 53 62 63 64 65 70 71 72 73 ]
{ CE 396 SE 0 [ 26 27 28 29 ]
{ CE 435 SE 0 [ 18 19 20 21 22 23 24 25 ]
{ CE 478 SE 0 [ 26 27 28 29 30 31 32 33 42 43 44 45 46 47 48 49 74 75 76 77 ]
{ CE 479 CE 543 } 
} 
} 
} 
} 
} 
} 
} 
} 
SE 0 [ 6 7 8 9 ]
{ CE 27 SE 0 [ 1 ]
{ CE 48 SE 0 [ 30 31 32 33 42 43 44 45 46 47 48 49 ]
{ CE 117 SE 0 [ 18 19 20 21 22 23 24 25 26 27 28 29 30 31 32 33 38 39 40 41 42 43 44 45 46 47 48 49 54 55 56 57 58 59 60 61 66 67 68 69 74 75 76 77 ]
{ SE 0 [ 38 39 40 41 ]
{ CE 279 SE 0 [ 74 75 76 77 ]
{ CE 287 SE 0 [ 18 19 20 21 22 23 24 25 ]
{ CE 316 CE 347 } 
} 
} 
SE 0 [ 6 7 8 9 10 11 12 13 14 15 16 17 50 51 52 53 62 63 64 65 70 71 72 73 ]
{ CE 282 CE 457 } 
} 
} 
} 
} 
} 
SE -1 [ 0 1 ]
{ SE -1 [ 0 ]
{ CE 3 CE 31 } 
CE 30 } 
} 
} 
SE 1 [ 18 19 20 21 22 23 24 25 ]
{ SE 1 [ 18 19 20 21 ]
{ SE -1 [ 0 ]
{ SE 1 [ 6 10 14 18 22 26 30 34 38 42 46 50 54 58 62 66 70 74 ]
{ SE 0 [ 1 ]
{ CE 4 SE 0 [ 30 31 32 33 42 43 44 45 46 47 48 49 ]
{ CE 107 SE 0 [ 34 35 36 37 ]
{ CE 182 SE 0 [ 26 27 28 29 30 31 32 33 42 43 44 45 46 47 48 49 74 75 76 77 ]
{ CE 223 SE 0 [ 18 19 20 21 22 23 24 25 ]
{ CE 240 SE 0 [ 70 71 72 73 ]
{ CE 247 SE 0 [ 6 7 8 9 10 11 12 13 14 15 16 17 50 51 52 53 62 63 64 65 70 71 72 73 ]
{ CE 281 CE 361 } 
} 
} 
} 
} 
} 
} 
SE 0 [ 6 7 8 9 ]
{ CE 33 SE 0 [ 6 7 8 9 10 11 12 13 14 15 16 17 50 51 52 53 62 63 64 65 70 71 72 73 ]
{ CE 56 CE 73 } 
} 
} 
SE -1 [ 0 1 ]
{ SE 0 [ 6 7 8 9 ]
{ CE 23 SE 1 [ 6 10 14 18 22 26 30 34 38 42 46 50 54 58 62 66 70 74 ]
{ SE 0 [ 1 ]
{ CE 60 SE 0 [ 30 31 32 33 42 43 44 45 46 47 48 49 ]
{ CE 143 SE 0 [ 18 19 20 21 22 23 24 25 ]
{ CE 289 SE 0 [ 70 71 72 73 ]
{ CE 321 SE 0 [ 34 35 36 37 ]
{ CE 447 SE 0 [ 38 39 40 41 ]
{ CE 477 SE 0 [ 6 7 8 9 10 11 12 13 14 15 16 17 50 51 52 53 62 63 64 65 70 71 72 73 ]
{ CE 509 CE 539 } 
} 
} 
} 
} 
} 
} 
SE 0 [ 6 7 8 9 10 11 12 13 14 15 16 17 50 51 52 53 62 63 64 65 70 71 72 73 ]
{ CE 63 CE 76 } 
} 
} 
SE 0 [ 6 7 8 9 ]
{ CE 35 SE 1 [ 6 10 14 18 22 26 30 34 38 42 46 50 54 58 62 66 70 74 ]
{ SE 0 [ 1 ]
{ CE 47 SE 0 [ 18 19 20 21 22 23 24 25 ]
{ CE 142 SE 0 [ 30 31 32 33 42 43 44 45 46 47 48 49 ]
{ CE 372 SE 0 [ 18 19 20 21 22 23 24 25 26 27 28 29 30 31 32 33 38 39 40 41 42 43 44 45 46 47 48 49 54 55 56 57 58 59 60 61 66 67 68 69 74 75 76 77 ]
{ SE 0 [ 26 27 28 29 30 31 32 33 42 43 44 45 46 47 48 49 74 75 76 77 ]
{ CE 451 CE 553 } 
SE 0 [ 62 63 64 65 ]
{ CE 499 SE 0 [ 6 7 8 9 10 11 12 13 14 15 16 17 50 51 52 53 62 63 64 65 70 71 72 73 ]
{ CE 500 CE 556 } 
} 
} 
} 
} 
} 
SE 0 [ 6 7 8 9 10 11 12 13 14 15 16 17 50 51 52 53 62 63 64 65 70 71 72 73 ]
{ CE 67 CE 83 } 
} 
} 
} 
} 
SE -1 [ 0 1 ]
{ SE 2 [ 6 7 8 9 10 11 12 13 14 15 16 17 18 19 20 21 22 23 24 25 26 27 28 29 30 31 32 33 34 35 36 37 38 39 40 41 42 43 44 45 46 47 48 49 50 51 52 53 54 55 56 57 58 59 60 61 62 63 64 65 66 67 68 69 70 71 72 73 74 75 76 77 ]
{ SE 2 [ 18 19 20 21 22 23 24 25 54 55 56 57 58 59 60 61 ]
{ SE 0 [ 18 19 20 21 ]
{ SE 2 [ 18 19 20 21 ]
{ SE -1 [ 0 ]
{ CE 5 CE 533 } 
SE -1 [ 0 ]
{ CE 355 CE 382 } 
} 
SE -1 [ 0 ]
{ CE 172 CE 249 } 
} 
SE 2 [ 10 11 12 13 ]
{ SE 0 [ 18 19 20 21 ]
{ SE -1 [ 0 ]
{ CE 135 CE 407 } 
SE -1 [ 0 ]
{ CE 270 CE 532 } 
} 
SE 2 [ 26 27 28 29 30 31 32 33 42 43 44 45 46 47 48 49 74 75 76 77 ]
{ SE 0 [ 18 19 20 21 ]
{ SE -1 [ 0 ]
{ SE 2 [ 30 31 32 33 ]
{ CE 138 CE 501 } 
SE 2 [ 30 31 32 33 ]
{ CE 437 CE 530 } 
} 
SE -1 [ 0 ]
{ CE 264 CE 502 } 
} 
SE 2 [ 6 7 8 9 ]
{ SE 0 [ 18 19 20 21 ]
{ SE -1 [ 0 ]
{ CE 139 CE 551 } 
SE -1 [ 0 ]
{ CE 272 CE 558 } 
} 
SE 0 [ 18 19 20 21 ]
{ SE 2 [ 38 39 40 41 ]
{ SE -1 [ 0 ]
{ CE 140 CE 354 } 
SE 2 [ 6 7 8 9 10 11 12 13 14 15 16 17 50 51 52 53 62 63 64 65 70 71 72 73 ]
{ SE -1 [ 0 ]
{ CE 266 CE 510 } 
SE -1 [ 0 ]
{ CE 302 CE 563 } 
} 
} 
SE 2 [ 6 7 8 9 10 11 12 13 14 15 16 17 50 51 52 53 62 63 64 65 70 71 72 73 ]
{ SE -1 [ 0 ]
{ CE 265 CE 434 } 
SE -1 [ 0 ]
{ CE 305 CE 462 } 
} 
} 
} 
} 
} 
} 
SE 0 [ 18 19 20 21 ]
{ SE -1 [ 0 ]
{ CE 78 CE 116 } 
SE -1 [ 0 ]
{ SE 2 [ 1 ]
{ CE 95 CE 375 } 
SE 2 [ 1 ]
{ CE 130 CE 373 } 
} 
} 
} 
SE 2 [ 6 7 8 9 10 11 12 13 14 15 16 17 18 19 20 21 22 23 24 25 26 27 28 29 30 31 32 33 34 35 36 37 38 39 40 41 42 43 44 45 46 47 48 49 50 51 52 53 54 55 56 57 58 59 60 61 62 63 64 65 66 67 68 69 70 71 72 73 74 75 76 77 ]
{ SE 2 [ 58 59 60 61 ]
{ SE 0 [ 18 19 20 21 ]
{ CE 46 CE 204 } 
SE 2 [ 6 7 8 9 ]
{ SE 0 [ 18 19 20 21 ]
{ CE 113 CE 236 } 
SE 2 [ 26 27 28 29 30 31 32 33 42 43 44 45 46 47 48 49 74 75 76 77 ]
{ SE 0 [ 18 19 20 21 ]
{ SE 2 [ 30 31 32 33 ]
{ CE 141 CE 412 } 
CE 278 } 
SE 2 [ 10 11 12 13 ]
{ SE 0 [ 18 19 20 21 ]
{ CE 145 CE 255 } 
SE 2 [ 18 19 20 21 ]
{ CE 159 SE 2 [ 38 39 40 41 ]
{ CE 160 SE 0 [ 18 19 20 21 ]
{ SE 2 [ 6 7 8 9 10 11 12 13 14 15 16 17 50 51 52 53 62 63 64 65 70 71 72 73 ]
{ CE 340 CE 353 } 
SE 2 [ 6 7 8 9 10 11 12 13 14 15 16 17 50 51 52 53 62 63 64 65 70 71 72 73 ]
{ CE 352 CE 454 } 
} 
} 
} 
} 
} 
} 
} 
SE 0 [ 18 19 20 21 ]
{ CE 64 SE 2 [ 1 ]
{ CE 105 CE 368 } 
} 
} 
} 
} 
SE 1 [ 26 27 28 29 ]
{ SE -1 [ 0 1 ]
{ SE -1 [ 0 ]
{ SE 2 [ 1 ]
{ CE 6 SE 2 [ 6 7 8 9 ]
{ CE 161 SE 2 [ 46 47 48 49 ]
{ CE 341 SE 2 [ 10 11 12 13 ]
{ CE 389 SE 2 [ 6 7 8 9 10 11 12 13 14 15 16 17 18 19 20 21 22 23 24 25 26 27 28 29 30 31 32 33 34 35 36 37 38 39 40 41 42 43 44 45 46 47 48 49 50 51 52 53 54 55 56 57 58 59 60 61 62 63 64 65 66 67 68 69 70 71 72 73 74 75 76 77 ]
{ SE 2 [ 26 27 28 29 30 31 32 33 42 43 44 45 46 47 48 49 74 75 76 77 ]
{ CE 418 SE 2 [ 6 7 8 9 10 11 12 13 14 15 16 17 50 51 52 53 62 63 64 65 70 71 72 73 ]
{ CE 436 CE 453 } 
} 
CE 420 } 
} 
} 
} 
} 
SE 2 [ 1 ]
{ CE 36 SE 2 [ 6 7 8 9 10 11 12 13 14 15 16 17 50 51 52 53 62 63 64 65 70 71 72 73 ]
{ SE 2 [ 10 11 12 13 ]
{ CE 102 SE 2 [ 6 7 8 9 ]
{ CE 357 CE 529 } 
} 
SE 2 [ 6 7 8 9 10 11 12 13 14 15 16 17 18 19 20 21 22 23 24 25 26 27 28 29 30 31 32 33 34 35 36 37 38 39 40 41 42 43 44 45 46 47 48 49 50 51 52 53 54 55 56 57 58 59 60 61 62 63 64 65 66 67 68 69 70 71 72 73 74 75 76 77 ]
{ SE 2 [ 30 31 32 33 ]
{ CE 209 SE 2 [ 26 27 28 29 30 31 32 33 42 43 44 45 46 47 48 49 74 75 76 77 ]
{ CE 481 CE 562 } 
} 
CE 429 } 
} 
} 
} 
SE 2 [ 1 ]
{ CE 26 SE 2 [ 6 7 8 9 ]
{ CE 97 SE 2 [ 30 31 32 33 ]
{ CE 162 SE 2 [ 26 27 28 29 30 31 32 33 42 43 44 45 46 47 48 49 74 75 76 77 ]
{ CE 201 SE 2 [ 6 7 8 9 10 11 12 13 14 15 16 17 18 19 20 21 22 23 24 25 26 27 28 29 30 31 32 33 34 35 36 37 38 39 40 41 42 43 44 45 46 47 48 49 50 51 52 53 54 55 56 57 58 59 60 61 62 63 64 65 66 67 68 69 70 71 72 73 74 75 76 77 ]
{ SE 2 [ 50 51 52 53 ]
{ CE 268 SE 2 [ 6 7 8 9 10 11 12 13 14 15 16 17 50 51 52 53 62 63 64 65 70 71 72 73 ]
{ CE 380 CE 476 } 
} 
CE 275 } 
} 
} 
} 
} 
} 
SE 1 [ 30 31 32 33 ]
{ SE -1 [ 0 ]
{ SE 0 [ 1 ]
{ CE 7 SE 0 [ 34 35 36 37 ]
{ CE 84 SE 0 [ 6 7 8 9 10 11 12 13 14 15 16 17 50 51 52 53 62 63 64 65 70 71 72 73 ]
{ SE 0 [ 62 63 64 65 ]
{ CE 222 CE 374 } 
SE 0 [ 38 39 40 41 ]
{ CE 295 SE 0 [ 26 27 28 29 74 75 76 77 ]
{ SE 0 [ 26 27 28 29 ]
{ CE 330 CE 400 } 
SE 0 [ 18 19 20 21 22 23 24 25 ]
{ CE 337 CE 466 } 
} 
} 
} 
} 
} 
SE -1 [ 0 1 ]
{ SE 0 [ 1 ]
{ CE 57 SE 0 [ 26 27 28 29 74 75 76 77 ]
{ SE 0 [ 26 27 28 29 ]
{ CE 124 CE 334 } 
SE 0 [ 34 35 36 37 ]
{ CE 237 SE 0 [ 38 39 40 41 ]
{ CE 263 SE 0 [ 70 71 72 73 ]
{ CE 346 SE 0 [ 6 7 8 9 10 11 12 13 14 15 16 17 50 51 52 53 62 63 64 65 70 71 72 73 ]
{ CE 351 SE 0 [ 18 19 20 21 22 23 24 25 ]
{ CE 388 CE 440 } 
} 
} 
} 
} 
} 
} 
SE 0 [ 1 ]
{ CE 75 SE 0 [ 26 27 28 29 ]
{ CE 128 SE 0 [ 34 35 36 37 ]
{ CE 312 SE 0 [ 70 71 72 73 ]
{ CE 336 SE 0 [ 18 19 20 21 22 23 24 25 ]
{ CE 428 SE 0 [ 30 31 32 33 42 43 44 45 46 47 48 49 ]
{ CE 472 SE 0 [ 26 27 28 29 30 31 32 33 42 43 44 45 46 47 48 49 74 75 76 77 ]
{ CE 487 SE 0 [ 6 7 8 9 10 11 12 13 14 15 16 17 50 51 52 53 62 63 64 65 70 71 72 73 ]
{ CE 515 CE 535 } 
} 
} 
} 
} 
} 
} 
} 
} 
} 
SE -1 [ 0 ]
{ SE 0 [ 30 31 32 33 ]
{ SE 2 [ 1 ]
{ CE 8 SE 2 [ 38 39 40 41 ]
{ CE 131 SE 2 [ 18 19 20 21 22 23 24 25 54 55 56 57 58 59 60 61 ]
{ SE 2 [ 18 19 20 21 ]
{ CE 365 CE 524 } 
SE 2 [ 10 11 12 13 50 51 52 53 ]
{ SE 2 [ 10 11 12 13 ]
{ CE 450 CE 541 } 
SE 2 [ 38 39 40 41 66 67 68 69 ]
{ CE 471 SE 2 [ 6 7 8 9 ]
{ CE 483 SE 2 [ 30 31 32 33 ]
{ CE 528 CE 545 } 
} 
} 
} 
} 
} 
} 
CE 59 } 
SE -1 [ 0 1 ]
{ SE 0 [ 30 31 32 33 ]
{ SE 2 [ 1 ]
{ CE 22 SE 2 [ 18 19 20 21 ]
{ CE 101 SE 2 [ 46 47 48 49 ]
{ CE 164 SE 2 [ 18 19 20 21 22 23 24 25 54 55 56 57 58 59 60 61 ]
{ CE 196 SE 2 [ 6 7 8 9 ]
{ CE 197 SE 2 [ 66 67 68 69 ]
{ CE 198 SE 2 [ 38 39 40 41 ]
{ CE 239 SE 2 [ 10 11 12 13 ]
{ CE 261 SE 2 [ 6 7 8 9 10 11 12 13 14 15 16 17 50 51 52 53 62 63 64 65 70 71 72 73 ]
{ CE 262 CE 315 } 
} 
} 
} 
} 
} 
} 
} 
} 
CE 40 } 
SE 2 [ 6 10 14 18 22 26 30 34 38 42 46 50 54 58 62 66 70 74 ]
{ SE 2 [ 6 7 8 9 ]
{ CE 25 SE 2 [ 26 27 28 29 30 31 32 33 42 43 44 45 46 47 48 49 74 75 76 77 ]
{ SE 2 [ 30 31 32 33 ]
{ CE 132 CE 191 } 
SE 2 [ 18 19 20 21 22 23 24 25 54 55 56 57 58 59 60 61 ]
{ SE 2 [ 18 19 20 21 ]
{ CE 136 CE 238 } 
SE 2 [ 66 67 68 69 ]
{ CE 151 SE 2 [ 6 7 8 9 10 11 12 13 14 15 16 17 50 51 52 53 62 63 64 65 70 71 72 73 ]
{ SE 2 [ 10 11 12 13 ]
{ CE 189 CE 280 } 
CE 274 } 
} 
} 
} 
} 
SE 0 [ 30 31 32 33 ]
{ CE 58 CE 70 } 
} 
} 
} 
} 
} 
} 
} 
SE 1 [ 38 39 40 41 42 43 44 45 46 47 48 49 50 51 52 53 54 55 56 57 ]
{ SE 1 [ 38 39 40 41 42 43 44 45 ]
{ SE 1 [ 38 39 40 41 ]
{ SE -1 [ 0 ]
{ SE 0 [ 18 19 20 21 22 23 24 25 26 27 28 29 30 31 32 33 34 35 36 37 38 39 40 41 42 43 44 45 46 47 48 49 54 55 56 57 58 59 60 61 66 67 68 69 74 75 76 77 ]
{ SE 2 [ 1 ]
{ CE 9 SE 0 [ 18 19 20 21 22 23 24 25 ]
{ SE 2 [ 18 19 20 21 ]
{ CE 110 SE 2 [ 10 11 12 13 ]
{ CE 242 SE 2 [ 6 7 8 9 10 11 12 13 14 15 16 17 50 51 52 53 62 63 64 65 70 71 72 73 ]
{ SE 2 [ 6 7 8 9 ]
{ CE 283 CE 473 } 
SE 0 [ 7 11 15 19 23 27 31 35 39 43 47 51 55 59 63 67 71 75 ]
{ CE 284 SE 2 [ 66 67 68 69 ]
{ CE 427 SE 2 [ 46 47 48 49 ]
{ CE 467 SE 2 [ 38 39 40 41 ]
{ CE 470 SE 2 [ 18 19 20 21 22 23 24 25 54 55 56 57 58 59 60 61 ]
{ CE 523 CE 564 } 
} 
} 
} 
} 
} 
} 
} 
SE 0 [ 26 27 28 29 30 31 32 33 42 43 44 45 46 47 48 49 74 75 76 77 ]
{ CE 137 SE 0 [ 18 19 20 21 22 23 24 25 26 27 28 29 30 31 32 33 38 39 40 41 42 43 44 45 46 47 48 49 54 55 56 57 58 59 60 61 66 67 68 69 74 75 76 77 ]
{ CE 344 CE 403 } 
} 
} 
} 
SE 0 [ 1 ]
{ CE 69 CE 207 } 
} 
SE 0 [ 8 12 16 20 24 28 32 36 40 44 48 52 56 60 64 68 72 76 ]
{ SE -1 [ 0 1 ]
{ SE 2 [ 1 ]
{ CE 24 SE 2 [ 18 19 20 21 ]
{ CE 144 SE 2 [ 10 11 12 13 ]
{ CE 290 SE 2 [ 6 7 8 9 10 11 12 13 14 15 16 17 50 51 52 53 62 63 64 65 70 71 72 73 ]
{ SE 2 [ 6 7 8 9 ]
{ CE 369 CE 426 } 
SE 2 [ 38 39 40 41 ]
{ CE 370 SE 2 [ 38 39 40 41 66 67 68 69 ]
{ CE 438 SE 2 [ 18 19 20 21 22 23 24 25 54 55 56 57 58 59 60 61 ]
{ CE 474 SE 2 [ 30 31 32 33 ]
{ CE 525 CE 565 } 
} 
} 
} 
} 
} 
} 
} 
SE 2 [ 1 ]
{ CE 94 SE 2 [ 6 7 8 9 ]
{ CE 104 SE 2 [ 18 19 20 21 ]
{ CE 180 SE 2 [ 26 27 28 29 30 31 32 33 42 43 44 45 46 47 48 49 74 75 76 77 ]
{ SE 2 [ 30 31 32 33 ]
{ CE 212 CE 503 } 
SE 2 [ 18 19 20 21 22 23 24 25 54 55 56 57 58 59 60 61 ]
{ CE 250 SE 2 [ 10 11 12 13 ]
{ CE 251 SE 2 [ 38 39 40 41 ]
{ CE 385 SE 2 [ 6 7 8 9 10 11 12 13 14 15 16 17 50 51 52 53 62 63 64 65 70 71 72 73 ]
{ CE 425 CE 498 } 
} 
} 
} 
} 
} 
} 
} 
} 
SE -1 [ 0 1 ]
{ SE 0 [ 1 ]
{ CE 52 SE 0 [ 18 19 20 21 22 23 24 25 ]
{ CE 129 SE 0 [ 34 35 36 37 ]
{ CE 320 SE 0 [ 38 39 40 41 ]
{ CE 325 SE 0 [ 6 7 8 9 10 11 12 13 14 15 16 17 50 51 52 53 62 63 64 65 70 71 72 73 ]
{ CE 413 CE 460 } 
} 
} 
} 
} 
SE 0 [ 1 ]
{ CE 62 SE 0 [ 18 19 20 21 22 23 24 25 ]
{ CE 175 SE 0 [ 6 7 8 9 10 11 12 13 14 15 16 17 50 51 52 53 62 63 64 65 70 71 72 73 ]
{ CE 386 SE 0 [ 38 39 40 41 ]
{ CE 394 SE 0 [ 18 19 20 21 22 23 24 25 26 27 28 29 30 31 32 33 38 39 40 41 42 43 44 45 46 47 48 49 54 55 56 57 58 59 60 61 66 67 68 69 74 75 76 77 ]
{ CE 406 CE 508 } 
} 
} 
} 
} 
} 
} 
} 
SE -1 [ 0 ]
{ CE 10 SE -1 [ 0 1 ]
{ CE 71 CE 108 } 
} 
} 
SE 1 [ 46 47 48 49 ]
{ SE 2 [ 6 7 8 9 10 11 12 13 14 15 16 17 18 19 20 21 22 23 24 25 26 27 28 29 30 31 32 33 34 35 36 37 38 39 40 41 42 43 44 45 46 47 48 49 50 51 52 53 54 55 56 57 58 59 60 61 62 63 64 65 66 67 68 69 70 71 72 73 74 75 76 77 ]
{ SE -1 [ 0 ]
{ SE 0 [ 1 ]
{ CE 11 SE 0 [ 18 19 20 21 22 23 24 25 ]
{ SE 0 [ 7 11 15 19 23 27 31 35 39 43 47 51 55 59 63 67 71 75 ]
{ CE 50 CE 126 } 
SE 0 [ 42 43 44 45 ]
{ CE 72 SE 0 [ 7 11 15 19 23 27 31 35 39 43 47 51 55 59 63 67 71 75 ]
{ SE 0 [ 34 35 36 37 ]
{ CE 86 SE 0 [ 30 31 32 33 42 43 44 45 46 47 48 49 ]
{ CE 127 SE 0 [ 70 71 72 73 ]
{ CE 183 SE 0 [ 6 7 8 9 10 11 12 13 14 15 16 17 50 51 52 53 62 63 64 65 70 71 72 73 ]
{ CE 184 SE 0 [ 26 27 28 29 ]
{ CE 188 SE 0 [ 26 27 28 29 30 31 32 33 42 43 44 45 46 47 48 49 74 75 76 77 ]
{ CE 214 CE 241 } 
} 
} 
} 
} 
} 
SE 2 [ 6 7 8 9 ]
{ SE 0 [ 18 19 20 21 22 23 24 25 26 27 28 29 30 31 32 33 38 39 40 41 42 43 44 45 46 47 48 49 54 55 56 57 58 59 60 61 66 67 68 69 74 75 76 77 ]
{ CE 120 CE 259 } 
SE 0 [ 18 19 20 21 22 23 24 25 26 27 28 29 30 31 32 33 38 39 40 41 42 43 44 45 46 47 48 49 54 55 56 57 58 59 60 61 66 67 68 69 74 75 76 77 ]
{ SE 2 [ 26 27 28 29 30 31 32 33 42 43 44 45 46 47 48 49 74 75 76 77 ]
{ SE 2 [ 30 31 32 33 ]
{ SE -1 [ 0 ]
{ CE 168 CE 169 } 
CE 419 } 
SE 2 [ 10 11 12 13 ]
{ CE 203 SE 2 [ 38 39 40 41 ]
{ CE 252 SE 2 [ 18 19 20 21 22 23 24 25 54 55 56 57 58 59 60 61 ]
{ CE 260 SE 2 [ 6 7 8 9 10 11 12 13 14 15 16 17 50 51 52 53 62 63 64 65 70 71 72 73 ]
{ CE 411 CE 549 } 
} 
} 
} 
} 
SE 2 [ 66 67 68 69 ]
{ CE 176 SE 2 [ 58 59 60 61 ]
{ CE 404 SE 2 [ 26 27 28 29 30 31 32 33 42 43 44 45 46 47 48 49 74 75 76 77 ]
{ CE 414 SE 2 [ 50 51 52 53 ]
{ SE -1 [ 0 ]
{ CE 441 CE 442 } 
SE 2 [ 26 27 28 29 30 31 32 33 38 39 40 41 42 43 44 45 46 47 48 49 66 67 68 69 74 75 76 77 ]
{ CE 486 SE 2 [ 6 7 8 9 10 11 12 13 14 15 16 17 50 51 52 53 62 63 64 65 70 71 72 73 ]
{ SE -1 [ 0 ]
{ CE 497 CE 497 } 
SE -1 [ 0 ]
{ CE 536 CE 537 } 
} 
} 
} 
} 
} 
} 
} 
} 
} 
} 
} 
} 
SE 0 [ 8 12 16 20 24 28 32 36 40 44 48 52 56 60 64 68 72 76 ]
{ SE 0 [ 18 19 20 21 ]
{ SE -1 [ 0 1 ]
{ CE 45 CE 112 } 
SE 2 [ 26 27 28 29 30 31 32 33 42 43 44 45 46 47 48 49 74 75 76 77 ]
{ SE -1 [ 0 1 ]
{ SE 0 [ 42 43 44 45 ]
{ CE 77 SE 0 [ 18 19 20 21 22 23 24 25 26 27 28 29 30 31 32 33 38 39 40 41 42 43 44 45 46 47 48 49 54 55 56 57 58 59 60 61 66 67 68 69 74 75 76 77 ]
{ SE 2 [ 30 31 32 33 ]
{ SE -1 [ 0 ]
{ CE 168 CE 169 } 
CE 480 } 
SE -1 [ 0 1 ]
{ CE 327 CE 328 } 
} 
} 
SE 0 [ 42 43 44 45 ]
{ CE 96 SE 0 [ 18 19 20 21 22 23 24 25 26 27 28 29 30 31 32 33 38 39 40 41 42 43 44 45 46 47 48 49 54 55 56 57 58 59 60 61 66 67 68 69 74 75 76 77 ]
{ SE 2 [ 30 31 32 33 ]
{ CE 202 CE 405 } 
SE -1 [ 0 1 ]
{ CE 327 CE 328 } 
} 
} 
} 
SE 2 [ 6 7 8 9 ]
{ SE 0 [ 18 19 20 21 22 23 24 25 26 27 28 29 30 31 32 33 38 39 40 41 42 43 44 45 46 47 48 49 54 55 56 57 58 59 60 61 66 67 68 69 74 75 76 77 ]
{ SE -1 [ 0 1 ]
{ SE -1 [ 0 1 ]
{ CE 560 CE 561 } 
SE -1 [ 0 1 ]
{ CE 560 CE 561 } 
} 
SE -1 [ 0 1 ]
{ CE 187 CE 484 } 
} 
SE 0 [ 18 19 20 21 22 23 24 25 26 27 28 29 30 31 32 33 38 39 40 41 42 43 44 45 46 47 48 49 54 55 56 57 58 59 60 61 66 67 68 69 74 75 76 77 ]
{ SE 2 [ 10 11 12 13 ]
{ SE -1 [ 0 1 ]
{ CE 121 CE 507 } 
SE 2 [ 38 39 40 41 ]
{ SE -1 [ 0 1 ]
{ CE 178 CE 456 } 
SE 2 [ 18 19 20 21 22 23 24 25 54 55 56 57 58 59 60 61 ]
{ SE -1 [ 0 1 ]
{ CE 233 CE 519 } 
SE -1 [ 0 1 ]
{ SE 2 [ 6 7 8 9 10 11 12 13 14 15 16 17 50 51 52 53 62 63 64 65 70 71 72 73 ]
{ CE 254 CE 554 } 
SE 2 [ 6 7 8 9 10 11 12 13 14 15 16 17 50 51 52 53 62 63 64 65 70 71 72 73 ]
{ CE 298 CE 544 } 
} 
} 
} 
} 
SE 2 [ 10 11 12 13 ]
{ SE -1 [ 0 1 ]
{ SE -1 [ 0 ]
{ CE 497 CE 497 } 
CE 555 } 
SE 2 [ 66 67 68 69 ]
{ SE -1 [ 0 1 ]
{ CE 193 CE 408 } 
SE 2 [ 18 19 20 21 ]
{ SE -1 [ 0 1 ]
{ SE -1 [ 0 ]
{ CE 536 CE 537 } 
CE 475 } 
SE 2 [ 6 7 8 9 10 11 12 13 14 15 16 17 50 51 52 53 62 63 64 65 70 71 72 73 ]
{ SE -1 [ 0 1 ]
{ SE -1 [ 0 ]
{ CE 441 CE 442 } 
CE 547 } 
SE 2 [ 18 19 20 21 22 23 24 25 54 55 56 57 58 59 60 61 ]
{ SE -1 [ 0 1 ]
{ CE 322 CE 531 } 
SE -1 [ 0 1 ]
{ CE 329 CE 521 } 
} 
} 
} 
} 
} 
} 
} 
} 
} 
SE -1 [ 0 1 ]
{ SE 0 [ 1 ]
{ CE 53 SE 0 [ 6 7 8 9 10 11 12 13 14 15 16 17 50 51 52 53 62 63 64 65 70 71 72 73 ]
{ SE 0 [ 62 63 64 65 ]
{ CE 89 CE 234 } 
SE 0 [ 26 27 28 29 30 31 32 33 38 39 40 41 42 43 44 45 46 47 48 49 66 67 68 69 74 75 76 77 ]
{ SE 0 [ 30 31 32 33 42 43 44 45 46 47 48 49 ]
{ CE 156 SE 0 [ 26 27 28 29 ]
{ CE 216 SE 0 [ 26 27 28 29 30 31 32 33 42 43 44 45 46 47 48 49 74 75 76 77 ]
{ CE 304 CE 378 } 
} 
} 
SE 0 [ 18 19 20 21 22 23 24 25 ]
{ CE 186 CE 313 } 
} 
} 
} 
SE 0 [ 1 ]
{ CE 61 SE 0 [ 70 71 72 73 ]
{ CE 123 SE 0 [ 18 19 20 21 22 23 24 25 ]
{ CE 343 SE 0 [ 38 39 40 41 ]
{ CE 424 SE 0 [ 34 35 36 37 ]
{ CE 448 SE 0 [ 74 75 76 77 ]
{ CE 513 SE 0 [ 26 27 28 29 ]
{ CE 517 SE 0 [ 6 7 8 9 10 11 12 13 14 15 16 17 50 51 52 53 62 63 64 65 70 71 72 73 ]
{ CE 522 CE 534 } 
} 
} 
} 
} 
} 
} 
} 
} 
} 
} 
SE 0 [ 18 19 20 21 22 23 24 25 26 27 28 29 30 31 32 33 38 39 40 41 42 43 44 45 46 47 48 49 54 55 56 57 58 59 60 61 66 67 68 69 74 75 76 77 ]
{ SE -1 [ 0 ]
{ SE 2 [ 1 ]
{ CE 29 CE 364 } 
SE -1 [ 0 1 ]
{ SE 2 [ 1 ]
{ CE 111 CE 402 } 
SE 2 [ 1 ]
{ CE 147 CE 390 } 
} 
} 
SE -1 [ 0 1 ]
{ SE -1 [ 0 ]
{ CE 65 CE 205 } 
CE 98 } 
} 
} 
SE 1 [ 50 51 52 53 ]
{ SE -1 [ 0 1 ]
{ SE -1 [ 0 ]
{ SE 0 [ 1 ]
{ CE 12 SE 0 [ 70 71 72 73 ]
{ CE 91 SE 0 [ 26 27 28 29 74 75 76 77 ]
{ SE 0 [ 26 27 28 29 ]
{ CE 215 CE 332 } 
SE 0 [ 26 27 28 29 30 31 32 33 42 43 44 45 46 47 48 49 74 75 76 77 ]
{ CE 224 SE 0 [ 34 35 36 37 ]
{ CE 267 SE 0 [ 18 19 20 21 22 23 24 25 ]
{ CE 273 SE 0 [ 6 7 8 9 10 11 12 13 14 15 16 17 50 51 52 53 62 63 64 65 70 71 72 73 ]
{ CE 333 CE 416 } 
} 
} 
} 
} 
} 
} 
SE 0 [ 1 ]
{ CE 41 SE 0 [ 26 27 28 29 30 31 32 33 42 43 44 45 46 47 48 49 74 75 76 77 ]
{ SE 0 [ 26 27 28 29 74 75 76 77 ]
{ SE 0 [ 26 27 28 29 ]
{ CE 133 CE 495 } 
CE 458 } 
SE 0 [ 18 19 20 21 22 23 24 25 ]
{ CE 277 SE 0 [ 34 35 36 37 ]
{ CE 301 SE 0 [ 70 71 72 73 ]
{ CE 397 SE 0 [ 6 7 8 9 10 11 12 13 14 15 16 17 50 51 52 53 62 63 64 65 70 71 72 73 ]
{ CE 430 CE 540 } 
} 
} 
} 
} 
} 
} 
SE 0 [ 1 ]
{ CE 28 SE 0 [ 30 31 32 33 42 43 44 45 46 47 48 49 ]
{ CE 150 SE 0 [ 70 71 72 73 ]
{ CE 377 SE 0 [ 34 35 36 37 ]
{ CE 393 SE 0 [ 18 19 20 21 22 23 24 25 ]
{ CE 488 SE 0 [ 74 75 76 77 ]
{ CE 492 SE 0 [ 6 7 8 9 10 11 12 13 14 15 16 17 50 51 52 53 62 63 64 65 70 71 72 73 ]
{ CE 496 SE 0 [ 26 27 28 29 ]
{ CE 518 CE 550 } 
} 
} 
} 
} 
} 
} 
} 
} 
SE -1 [ 0 ]
{ CE 13 SE -1 [ 0 1 ]
{ CE 51 CE 79 } 
} 
} 
} 
} 
SE 1 [ 58 59 60 61 62 63 64 65 ]
{ SE 1 [ 58 59 60 61 ]
{ SE -1 [ 0 1 ]
{ SE -1 [ 0 ]
{ SE 0 [ 1 ]
{ CE 14 SE 0 [ 18 19 20 21 22 23 24 25 ]
{ CE 90 SE 0 [ 34 35 36 37 ]
{ CE 232 SE 0 [ 70 71 72 73 ]
{ CE 297 SE 0 [ 30 31 32 33 42 43 44 45 46 47 48 49 ]
{ CE 319 SE 0 [ 6 7 8 9 10 11 12 13 14 15 16 17 50 51 52 53 62 63 64 65 70 71 72 73 ]
{ CE 367 SE 0 [ 26 27 28 29 30 31 32 33 42 43 44 45 46 47 48 49 74 75 76 77 ]
{ CE 415 CE 504 } 
} 
} 
} 
} 
} 
} 
SE 0 [ 1 ]
{ CE 49 SE 0 [ 18 19 20 21 22 23 24 25 ]
{ CE 157 SE 0 [ 34 35 36 37 ]
{ CE 323 SE 0 [ 62 63 64 65 ]
{ CE 384 SE 0 [ 30 31 32 33 42 43 44 45 46 47 48 49 ]
{ CE 433 SE 0 [ 6 7 8 9 10 11 12 13 14 15 16 17 50 51 52 53 62 63 64 65 70 71 72 73 ]
{ CE 461 SE 0 [ 26 27 28 29 30 31 32 33 42 43 44 45 46 47 48 49 74 75 76 77 ]
{ CE 482 CE 552 } 
} 
} 
} 
} 
} 
} 
} 
SE 0 [ 1 ]
{ CE 32 SE 0 [ 18 19 20 21 22 23 24 25 26 27 28 29 30 31 32 33 38 39 40 41 42 43 44 45 46 47 48 49 54 55 56 57 58 59 60 61 66 67 68 69 74 75 76 77 ]
{ SE 0 [ 38 39 40 41 ]
{ CE 109 SE 0 [ 18 19 20 21 22 23 24 25 ]
{ CE 345 SE 0 [ 26 27 28 29 74 75 76 77 ]
{ CE 381 CE 444 } 
} 
} 
SE 0 [ 62 63 64 65 ]
{ CE 256 SE 0 [ 6 7 8 9 10 11 12 13 14 15 16 17 50 51 52 53 62 63 64 65 70 71 72 73 ]
{ CE 292 CE 443 } 
} 
} 
} 
} 
SE -1 [ 0 1 ]
{ SE -1 [ 0 ]
{ SE 2 [ 6 7 8 9 10 11 12 13 14 15 16 17 18 19 20 21 22 23 24 25 26 27 28 29 30 31 32 33 34 35 36 37 38 39 40 41 42 43 44 45 46 47 48 49 50 51 52 53 54 55 56 57 58 59 60 61 62 63 64 65 66 67 68 69 70 71 72 73 74 75 76 77 ]
{ SE 2 [ 46 47 48 49 ]
{ CE 15 SE 2 [ 38 39 40 41 66 67 68 69 ]
{ CE 311 SE 2 [ 18 19 20 21 22 23 24 25 54 55 56 57 58 59 60 61 ]
{ SE 2 [ 18 19 20 21 ]
{ CE 359 CE 463 } 
SE 2 [ 10 11 12 13 ]
{ CE 422 SE 2 [ 6 7 8 9 ]
{ CE 455 SE 2 [ 6 7 8 9 10 11 12 13 14 15 16 17 50 51 52 53 62 63 64 65 70 71 72 73 ]
{ CE 538 CE 546 } 
} 
} 
} 
} 
} 
SE 2 [ 1 ]
{ CE 153 CE 285 } 
} 
SE 2 [ 6 7 8 9 10 11 12 13 14 15 16 17 18 19 20 21 22 23 24 25 26 27 28 29 30 31 32 33 34 35 36 37 38 39 40 41 42 43 44 45 46 47 48 49 50 51 52 53 54 55 56 57 58 59 60 61 62 63 64 65 66 67 68 69 70 71 72 73 74 75 76 77 ]
{ SE 2 [ 38 39 40 41 66 67 68 69 ]
{ CE 68 SE 2 [ 18 19 20 21 22 23 24 25 54 55 56 57 58 59 60 61 ]
{ SE 2 [ 18 19 20 21 ]
{ CE 243 CE 399 } 
SE 2 [ 10 11 12 13 ]
{ CE 324 SE 2 [ 46 47 48 49 ]
{ CE 326 SE 2 [ 6 7 8 9 ]
{ CE 387 SE 2 [ 6 7 8 9 10 11 12 13 14 15 16 17 50 51 52 53 62 63 64 65 70 71 72 73 ]
{ CE 410 CE 491 } 
} 
} 
} 
} 
} 
SE 2 [ 1 ]
{ CE 125 CE 307 } 
} 
} 
SE 2 [ 6 7 8 9 10 11 12 13 14 15 16 17 18 19 20 21 22 23 24 25 26 27 28 29 30 31 32 33 34 35 36 37 38 39 40 41 42 43 44 45 46 47 48 49 50 51 52 53 54 55 56 57 58 59 60 61 62 63 64 65 66 67 68 69 70 71 72 73 74 75 76 77 ]
{ SE 2 [ 26 27 28 29 30 31 32 33 42 43 44 45 46 47 48 49 74 75 76 77 ]
{ SE 2 [ 30 31 32 33 ]
{ CE 44 CE 299 } 
SE 2 [ 18 19 20 21 22 23 24 25 54 55 56 57 58 59 60 61 ]
{ SE 2 [ 18 19 20 21 ]
{ CE 166 CE 379 } 
SE 2 [ 6 7 8 9 ]
{ CE 173 SE 2 [ 50 51 52 53 ]
{ CE 181 SE 2 [ 6 7 8 9 10 11 12 13 14 15 16 17 50 51 52 53 62 63 64 65 70 71 72 73 ]
{ CE 356 CE 391 } 
} 
} 
} 
} 
SE 2 [ 1 ]
{ CE 85 CE 171 } 
} 
} 
} 
SE 1 [ 66 67 68 69 ]
{ SE -1 [ 0 ]
{ SE 0 [ 1 ]
{ CE 16 SE 0 [ 62 63 64 65 ]
{ CE 115 SE 0 [ 26 27 28 29 30 31 32 33 38 39 40 41 42 43 44 45 46 47 48 49 66 67 68 69 74 75 76 77 ]
{ SE 0 [ 30 31 32 33 42 43 44 45 46 47 48 49 ]
{ CE 199 SE 0 [ 26 27 28 29 ]
{ CE 271 SE 0 [ 26 27 28 29 30 31 32 33 42 43 44 45 46 47 48 49 74 75 76 77 ]
{ CE 338 CE 489 } 
} 
} 
SE 0 [ 6 7 8 9 10 11 12 13 14 15 16 17 50 51 52 53 62 63 64 65 70 71 72 73 ]
{ CE 200 SE 0 [ 18 19 20 21 22 23 24 25 ]
{ CE 258 CE 358 } 
} 
} 
} 
} 
SE -1 [ 0 1 ]
{ SE 0 [ 1 ]
{ CE 21 SE 0 [ 62 63 64 65 ]
{ CE 100 SE 0 [ 38 39 40 41 ]
{ CE 194 SE 0 [ 6 7 8 9 10 11 12 13 14 15 16 17 50 51 52 53 62 63 64 65 70 71 72 73 ]
{ CE 195 SE 0 [ 26 27 28 29 74 75 76 77 ]
{ SE 0 [ 26 27 28 29 ]
{ CE 210 CE 314 } 
SE 0 [ 18 19 20 21 22 23 24 25 26 27 28 29 30 31 32 33 38 39 40 41 42 43 44 45 46 47 48 49 54 55 56 57 58 59 60 61 66 67 68 69 74 75 76 77 ]
{ SE 0 [ 18 19 20 21 22 23 24 25 ]
{ CE 211 CE 288 } 
CE 229 } 
} 
} 
} 
} 
} 
SE 0 [ 1 ]
{ CE 54 SE 0 [ 74 75 76 77 ]
{ CE 103 SE 0 [ 62 63 64 65 ]
{ CE 208 SE 0 [ 38 39 40 41 ]
{ CE 217 SE 0 [ 30 31 32 33 42 43 44 45 46 47 48 49 ]
{ CE 218 SE 0 [ 18 19 20 21 22 23 24 25 ]
{ CE 300 SE 0 [ 6 7 8 9 10 11 12 13 14 15 16 17 50 51 52 53 62 63 64 65 70 71 72 73 ]
{ CE 306 SE 0 [ 18 19 20 21 22 23 24 25 26 27 28 29 30 31 32 33 38 39 40 41 42 43 44 45 46 47 48 49 54 55 56 57 58 59 60 61 66 67 68 69 74 75 76 77 ]
{ CE 362 CE 520 } 
} 
} 
} 
} 
} 
} 
} 
} 
} 
SE 1 [ 70 71 72 73 ]
{ SE -1 [ 0 1 ]
{ SE -1 [ 0 ]
{ SE 2 [ 1 ]
{ CE 17 SE 2 [ 6 7 8 9 ]
{ CE 92 SE 2 [ 18 19 20 21 ]
{ CE 226 SE 2 [ 6 7 8 9 10 11 12 13 14 15 16 17 50 51 52 53 62 63 64 65 70 71 72 73 ]
{ CE 395 SE 2 [ 30 31 32 33 ]
{ CE 398 SE 2 [ 26 27 28 29 30 31 32 33 42 43 44 45 46 47 48 49 74 75 76 77 ]
{ CE 417 SE 2 [ 66 67 68 69 ]
{ CE 439 SE 2 [ 18 19 20 21 22 23 24 25 54 55 56 57 58 59 60 61 ]
{ CE 505 SE -1 [ 0 ]
{ CE 526 CE 527 } 
} 
} 
} 
} 
} 
} 
} 
} 
SE 2 [ 1 ]
{ CE 55 SE 2 [ 18 19 20 21 22 23 24 25 54 55 56 57 58 59 60 61 ]
{ SE 2 [ 18 19 20 21 ]
{ CE 118 CE 506 } 
SE 2 [ 30 31 32 33 ]
{ CE 227 SE 2 [ 10 11 12 13 50 51 52 53 ]
{ CE 231 SE 2 [ 66 67 68 69 ]
{ CE 276 SE 2 [ 38 39 40 41 ]
{ SE -1 [ 0 ]
{ CE 526 CE 527 } 
SE 2 [ 6 7 8 9 ]
{ CE 349 CE 432 } 
} 
} 
} 
} 
} 
} 
} 
SE 2 [ 1 ]
{ CE 37 SE 2 [ 6 7 8 9 ]
{ CE 88 SE 2 [ 26 27 28 29 30 31 32 33 42 43 44 45 46 47 48 49 74 75 76 77 ]
{ SE 2 [ 30 31 32 33 ]
{ CE 134 CE 248 } 
SE 2 [ 66 67 68 69 ]
{ CE 149 SE 2 [ 18 19 20 21 22 23 24 25 54 55 56 57 58 59 60 61 ]
{ SE 2 [ 18 19 20 21 ]
{ CE 174 CE 342 } 
SE 2 [ 6 7 8 9 10 11 12 13 14 15 16 17 50 51 52 53 62 63 64 65 70 71 72 73 ]
{ CE 225 CE 296 } 
} 
} 
} 
} 
} 
} 
SE -1 [ 0 1 ]
{ SE -1 [ 0 ]
{ SE 2 [ 1 ]
{ CE 18 SE 2 [ 6 7 8 9 ]
{ CE 119 SE 2 [ 10 11 12 13 ]
{ CE 253 SE 2 [ 26 27 28 29 30 31 32 33 42 43 44 45 46 47 48 49 74 75 76 77 ]
{ SE 2 [ 30 31 32 33 ]
{ CE 308 CE 485 } 
SE 2 [ 18 19 20 21 ]
{ CE 371 SE 2 [ 26 27 28 29 30 31 32 33 38 39 40 41 42 43 44 45 46 47 48 49 66 67 68 69 74 75 76 77 ]
{ CE 431 SE 2 [ 6 7 8 9 10 11 12 13 14 15 16 17 50 51 52 53 62 63 64 65 70 71 72 73 ]
{ CE 445 CE 511 } 
} 
} 
} 
} 
} 
} 
SE 2 [ 1 ]
{ CE 66 SE 2 [ 10 11 12 13 ]
{ CE 99 SE 2 [ 18 19 20 21 ]
{ CE 177 SE 2 [ 6 7 8 9 10 11 12 13 14 15 16 17 50 51 52 53 62 63 64 65 70 71 72 73 ]
{ SE 2 [ 6 7 8 9 ]
{ CE 291 CE 557 } 
SE 2 [ 30 31 32 33 ]
{ CE 383 SE 2 [ 38 39 40 41 66 67 68 69 ]
{ CE 493 SE 2 [ 18 19 20 21 22 23 24 25 54 55 56 57 58 59 60 61 ]
{ CE 494 CE 542 } 
} 
} 
} 
} 
} 
} 
} 
SE 2 [ 1 ]
{ CE 38 SE 2 [ 18 19 20 21 22 23 24 25 54 55 56 57 58 59 60 61 ]
{ SE 2 [ 18 19 20 21 ]
{ CE 80 CE 335 } 
SE 2 [ 26 27 28 29 30 31 32 33 42 43 44 45 46 47 48 49 74 75 76 77 ]
{ SE 2 [ 30 31 32 33 ]
{ CE 146 CE 228 } 
SE 2 [ 6 7 8 9 ]
{ CE 158 SE 2 [ 10 11 12 13 ]
{ CE 206 SE 2 [ 6 7 8 9 10 11 12 13 14 15 16 17 50 51 52 53 62 63 64 65 70 71 72 73 ]
{ CE 246 CE 366 } 
} 
} 
} 
} 
} 
} 
} 
} 
} 
} 
} 
EndContextDependency 