SPEAKER         id       #SENT      #WORD       Corr        Sub        Ins        Del        Err      S.Err
PN00F02         raw         80        559        557          2          0          0          2          1
PN00F02         sys         80        559      99.64       0.36       0.00       0.00       0.36       1.25
PN00F04         raw         80        559        559          0          0          0          0          0
PN00F04         sys         80        559     100.00       0.00       0.00       0.00       0.00       0.00
PN00M01         raw         80        559        558          1          0          0          1          1
PN00M01         sys         80        559      99.82       0.18       0.00       0.00       0.18       1.25
PN00M03         raw         80        559        559          0          0          0          0          0
PN00M03         sys         80        559     100.00       0.00       0.00       0.00       0.00       0.00
SUM             raw        320       2236       2233          3          0          0          3          2
SUM             sys        320       2236      99.87       0.13       0.00       0.00       0.13       0.62
